40.729753,-73.996449
40.730571,-73.996857
40.731516,-73.995892
40.730318,-73.995028
40.729129,-73.993932
40.728194,-73.994495
40.727655,-73.995614
40.726363,-73.996834
40.724972,-73.997588
40.723728,-73.998607
40.724003,-73.996334
40.722980,-73.997005
40.722065,-73.997827
40.721438,-73.996471
40.721589,-73.995309
40.722602,-73.994726
40.723366,-73.994021
40.725132,-73.994610
40.725936,-73.993822
40.725238,-73.991905
40.726671,-73.991874
40.727528,-73.992976
40.728860,-73.991492
40.728211,-73.990370
40.729800,-73.989202
40.731474,-73.989949
40.730241,-73.991158
40.730102,-73.992910
40.731788,-73.992726
40.732857,-73.990996
40.733643,-73.988833
40.734679,-73.988477
40.735589,-73.986610
40.736421,-73.988060
40.737900,-73.988724
40.736940,-73.990153
40.735341,-73.990554
40.736861,-73.991262
40.737043,-73.992768
40.738574,-73.991320
40.739988,-73.990480
40.740126,-73.991887
40.739570,-73.993215
40.741349,-73.994125
40.742733,-73.995479
40.743418,-73.993750
40.743214,-73.992578
40.744169,-73.992129
40.745040,-73.991155
40.745981,-73.990784
40.746472,-73.989157
40.745296,-73.987584
40.743839,-73.987382
40.742983,-73.988169
40.743865,-73.989433
40.742885,-73.990941
40.741567,-73.991715
40.741378,-73.990055
40.741051,-73.988554
40.739575,-73.988932
40.739646,-73.987159
40.740383,-73.986230
40.740479,-73.984814
40.741298,-73.984190
40.742449,-73.985842
40.743423,-73.984481
40.744704,-73.985651
40.744340,-73.982973
40.743698,-73.981712
40.743705,-73.979355
40.744703,-73.977799
40.745717,-73.979266
40.747261,-73.980637
40.747105,-73.982197
40.745477,-73.981793
40.746282,-73.984360
40.746188,-73.986063
40.746978,-73.987025
40.747690,-73.987507
40.749122,-73.987484
40.748449,-73.986111
40.748114,-73.984345
40.748626,-73.982156
40.749916,-73.981963
40.751320,-73.983283
40.750233,-73.984072
40.750101,-73.985356
40.750628,-73.986466
40.751696,-73.985455
40.751944,-73.987428
40.750595,-73.988459
40.749058,-73.989957
40.748644,-73.989701
40.747350,-73.991098
40.749062,-73.992192
40.748063,-73.993609
40.746816,-73.993528
40.744723,-73.994115
40.744750,-73.995902
40.745756,-73.996753
40.743598,-73.997472
40.743093,-73.999521
40.742269,-73.998840
40.741362,-73.997645
40.740372,-73.996435
40.740062,-73.998387
40.739037,-73.997707
40.738410,-73.996172
40.738358,-73.994397
40.737246,-73.994717
40.736645,-73.995627
40.734617,-73.995155
40.735394,-73.993268
40.734188,-73.992430
40.733061,-73.993472
40.733023,-73.995134
40.732341,-73.996931
40.731934,-73.998300
40.730567,-73.998778
40.730838,-74.000741
40.730532,-74.002479
40.731764,-74.002358
40.731449,-74.004222
40.730137,-74.005027
40.729029,-74.004134
40.727944,-74.005578
40.726381,-74.005154
40.725502,-74.004395
40.725438,-74.002848
40.723621,-74.003200
40.723911,-74.004870
40.725708,-74.007054
40.724109,-74.007740
40.722400,-74.006944
40.721796,-74.005352
40.721847,-74.003416
40.720338,-74.003113
40.719831,-74.001681
40.718230,-74.000884
40.718956,-74.002392
40.718742,-74.004323
40.717274,-74.003710
40.717165,-74.002602
40.716467,-74.001209
40.715688,-73.999882
40.716590,-73.998192
40.716310,-73.995468
40.714868,-73.996825
40.714966,-73.998821
40.713987,-73.999068
40.712710,-73.998334
40.713666,-73.997438
40.713519,-73.996250
40.711903,-73.996368
40.710885,-73.996854
40.709961,-73.996679
40.710825,-73.998217
40.709241,-73.999438
40.707363,-73.998502
40.706393,-74.000711
40.705020,-74.003028
40.704428,-74.008355
40.704739,-74.009871
40.705739,-74.008929
40.707204,-74.008359
40.707623,-74.006311
40.706225,-74.006923
40.704902,-74.006211
40.705505,-74.005253
40.706503,-74.004598
40.707527,-74.004121
40.706979,-74.002203
40.708341,-74.001360
40.709387,-74.001790
40.710333,-74.000668
40.711694,-74.000304
40.711857,-74.001760
40.713032,-74.003087
40.713971,-74.002642
40.714429,-74.001197
40.715199,-74.002739
40.714907,-74.004309
40.716204,-74.003846
40.716863,-74.006032
40.715932,-74.007444
40.713584,-74.008405
40.712897,-74.009295
40.711963,-74.009685
40.712140,-74.011189
40.710165,-74.013290
40.709413,-74.011694
40.710239,-74.010340
40.710476,-74.008140
40.712077,-74.007950
40.713794,-74.006568
40.713545,-74.005338
40.711594,-74.006000
40.710929,-74.004586
40.709199,-74.005787
40.708740,-74.008124
40.708375,-74.009717
40.708156,-74.011099
40.707451,-74.010584
40.706333,-74.010840
40.704630,-74.011822
40.703517,-74.014184
40.703061,-74.012702
40.702741,-74.011186
40.703346,-74.010254
40.702070,-74.009474
40.701543,-74.011592
40.701870,-74.013987
40.702508,-74.016418
40.703424,-74.016813
40.704225,-74.017652
40.705533,-74.018534
40.706876,-74.018543
40.708263,-74.017855
40.708881,-74.016369
40.707718,-74.016103
40.706497,-74.016493
40.704709,-74.015737
40.705085,-74.014018
40.706121,-74.013652
40.707799,-74.012519
40.708315,-74.013809
40.709480,-74.014743
40.710846,-74.015513
40.711766,-74.016919
40.712815,-74.016462
40.713647,-74.015626
40.713955,-74.017517
40.715783,-74.016829
40.717347,-74.016688
40.718328,-74.015889
40.716326,-74.015665
40.715128,-74.014693
40.713608,-74.012940
40.713600,-74.010823
40.714720,-74.010323
40.715441,-74.008904
40.717302,-74.007200
40.718784,-74.006772
40.719802,-74.005430
40.719755,-74.007818
40.719122,-74.009471
40.717948,-74.009581
40.717159,-74.011385
40.715468,-74.012272
40.716387,-74.013475
40.717816,-74.013058
40.718975,-74.012100
40.720285,-74.012765
40.720715,-74.010119
40.721073,-74.008795
40.722705,-74.008866
40.724331,-74.011944
40.725347,-74.010046
40.726222,-74.011452
40.726655,-74.008858
40.728132,-74.007749
40.729481,-74.006817
40.730578,-74.007575
40.731932,-74.006023
40.733027,-74.006586
40.732605,-74.010733
40.730980,-74.011024
40.734129,-74.010032
40.734637,-74.008765
40.734315,-74.006996
40.734573,-74.004556
40.736195,-74.003043
40.737494,-74.001273
40.735784,-74.001132
40.734860,-74.002503
40.733082,-74.003271
40.732799,-74.001360
40.733754,-74.001391
40.734512,-74.000492
40.733677,-73.999555
40.733770,-73.997152
40.735089,-73.997136
40.735043,-73.998805
40.736961,-74.000099
40.738049,-73.999443
40.739091,-74.000265
40.740373,-74.000621
40.741614,-74.001027
40.739445,-74.002632
40.738689,-74.004128
40.737530,-74.005037
40.736369,-74.005443
40.735986,-74.006780
40.736636,-74.008465
40.737713,-74.009789
40.738263,-74.007742
40.739501,-74.008584
40.740315,-74.007544
40.739739,-74.006372
40.740370,-74.004740
40.741243,-74.006689
40.743377,-74.008779
40.744281,-74.006514
40.742888,-74.006810
40.742228,-74.004692
40.742951,-74.002652
40.744677,-74.003766
40.745692,-74.003351
40.744403,-74.001502
40.744771,-73.999358
40.745763,-74.000413
40.746697,-74.001232
40.747389,-73.999133
40.749375,-73.998683
40.748415,-73.997239
40.747516,-73.995619
40.749405,-73.995590
40.749836,-73.994353
40.750459,-73.992189
40.750309,-73.990642
40.751377,-73.990248
40.752412,-73.988687
40.753483,-73.988968
40.753696,-73.987613
40.753614,-73.986238
40.753108,-73.984551
40.753423,-73.983499
40.752506,-73.981817
40.753526,-73.981336
40.754241,-73.979763
40.755130,-73.977866
40.756651,-73.977958
40.755979,-73.979731
40.757199,-73.979894
40.756982,-73.981454
40.754956,-73.981566
40.754844,-73.983128
40.754920,-73.984533
40.755922,-73.985198
40.756430,-73.983607
40.758176,-73.983474
40.759464,-73.984729
40.761184,-73.984384
40.760822,-73.985745
40.759784,-73.986857
40.758318,-73.985679
40.756927,-73.986502
40.755156,-73.986941
40.756261,-73.988467
40.757574,-73.989536
40.758361,-73.987707
40.759431,-73.988928
40.760408,-73.990260
40.761142,-73.987686
40.762392,-73.986989
40.763533,-73.985567
40.762554,-73.984122
40.762653,-73.982929
40.763687,-73.980967
40.764020,-73.978900
40.765114,-73.978437
40.765684,-73.977221
40.766343,-73.978971
40.765517,-73.981128
40.765078,-73.984649
40.766466,-73.986262
40.765150,-73.987084
40.764834,-73.988764
40.763006,-73.988547
40.762573,-73.989779
40.763416,-73.990578
40.763242,-73.992014
40.764894,-73.991317
40.766852,-73.988947
40.768754,-73.989026
40.769755,-73.988466
40.768560,-73.987326
40.767459,-73.985004
40.766841,-73.983443
40.768075,-73.982932
40.767570,-73.981283
40.769109,-73.981832
40.769855,-73.982947
40.771167,-73.984116
40.769855,-73.985051
40.771014,-73.986013
40.771247,-73.988312
40.771644,-73.989947
40.771262,-73.992474
40.769635,-73.991475
40.768139,-73.991166
40.767711,-73.993150
40.765744,-73.993653
40.764332,-73.993312
40.763151,-73.994726
40.762797,-73.996950
40.763623,-73.997769
40.760823,-73.997114
40.761660,-73.995095
40.761274,-73.993435
40.761789,-73.991663
40.760029,-73.992484
40.759555,-73.994292
40.758983,-73.996002
40.757688,-73.996411
40.756916,-73.994015
40.758551,-73.993063
40.759141,-73.990971
40.757883,-73.991334
40.756629,-73.991031
40.755479,-73.990588
40.753586,-73.990986
40.752090,-73.991760
40.751529,-73.993390
40.752680,-73.993669
40.754047,-73.993317
40.754828,-73.992406
40.755563,-73.994564
40.755386,-73.996728
40.756509,-73.997302
40.755318,-74.000278
40.753926,-73.998842
40.753464,-73.995545
40.753138,-73.996823
40.752105,-73.997031
40.750805,-73.997799
40.752014,-73.999129
40.752457,-74.001440
40.753639,-74.002297
40.753462,-74.003842
40.751937,-74.004776
40.751501,-74.003059
40.751079,-74.001936
40.750395,-74.001053
40.749199,-74.000426
40.748824,-74.001880
40.750315,-74.003755
40.749162,-74.004499
40.748174,-74.004820
40.746942,-74.003361
40.747130,-74.005586
40.746156,-74.007177
40.746950,-74.009079
40.748336,-74.009583
40.748821,-74.007357
40.749709,-74.005747
40.751329,-74.006762
40.752049,-74.009084
40.754474,-74.006222
40.755176,-74.005606
40.756655,-74.003905
40.757512,-74.001921
40.758934,-74.004131
40.760177,-73.999927
40.761789,-74.001473
40.763298,-74.000639
40.765115,-74.002739
40.764811,-74.000461
40.766339,-73.997560
40.767704,-73.995717
40.769065,-73.994684
40.770456,-73.995258
40.771479,-73.994876
40.773112,-73.993575
40.774426,-73.992665
40.776066,-73.991494
40.777276,-73.990788
40.778027,-73.988972
40.779534,-73.989214
40.781035,-73.985785
40.783560,-73.986408
40.783475,-73.983932
40.783051,-73.983190
40.784605,-73.981294
40.784584,-73.979503
40.784425,-73.976663
40.784659,-73.974865
40.786095,-73.975229
40.786853,-73.977520
40.787758,-73.978813
40.786292,-73.979473
40.787428,-73.982104
40.788090,-73.980812
40.790371,-73.979696
40.789408,-73.977834
40.788639,-73.976057
40.788536,-73.974112
40.789794,-73.975614
40.791304,-73.975441
40.792693,-73.974706
40.792412,-73.976022
40.793025,-73.977975
40.794899,-73.975796
40.797633,-73.976841
40.798729,-73.975960
40.800383,-73.974030
40.800584,-73.971183
40.802063,-73.971289
40.802826,-73.969635
40.804201,-73.971158
40.805238,-73.969035
40.804729,-73.967168
40.806039,-73.967157
40.805810,-73.965182
40.807214,-73.964732
40.808228,-73.965258
40.808055,-73.963600
40.807749,-73.961858
40.806413,-73.962164
40.806794,-73.961238
40.807115,-73.959964
40.805623,-73.958000
40.805354,-73.956723
40.803778,-73.956326
40.803396,-73.954024
40.804171,-73.951900
40.805766,-73.950357
40.807141,-73.949193
40.807550,-73.950726
40.807142,-73.952621
40.805704,-73.953457
40.805916,-73.954500
40.806818,-73.954808
40.808548,-73.953481
40.810617,-73.953197
40.811706,-73.952044
40.811951,-73.954307
40.810380,-73.955445
40.809078,-73.955501
40.808169,-73.957892
40.809679,-73.958017
40.811495,-73.957649
40.810564,-73.959807
40.809605,-73.961018
40.808439,-73.961079
40.809390,-73.963090
40.809540,-73.964845
40.811290,-73.965451
40.812216,-73.963500
40.811008,-73.963126
40.811556,-73.961222
40.813163,-73.962179
40.815124,-73.962555
40.815893,-73.960677
40.815115,-73.957983
40.817135,-73.958749
40.817842,-73.961101
40.819617,-73.960174
40.819531,-73.956138
40.821207,-73.954705
40.821890,-73.956932
40.823903,-73.958125
40.824738,-73.956517
40.826451,-73.956590
40.827971,-73.954172
40.827163,-73.951818
40.826008,-73.953098
40.824378,-73.952181
40.823513,-73.950691
40.822133,-73.949408
40.822328,-73.948132
40.823603,-73.948730
40.825321,-73.949617
40.825889,-73.948800
40.827713,-73.948548
40.827532,-73.946941
40.827416,-73.945110
40.825565,-73.943453
40.823963,-73.943000
40.823855,-73.945456
40.824909,-73.946470
40.823401,-73.946979
40.821749,-73.946045
40.821030,-73.947275
40.820378,-73.948296
40.820452,-73.949970
40.821233,-73.950544
40.821816,-73.951968
40.820307,-73.951889
40.818289,-73.951297
40.818773,-73.950033
40.818203,-73.947677
40.819532,-73.945709
40.819196,-73.944549
40.820798,-73.943581
40.821640,-73.942299
40.821961,-73.938860
40.821345,-73.939477
40.820012,-73.938245
40.821219,-73.936986
40.822540,-73.936894
40.824752,-73.936936
40.826366,-73.938710
40.828083,-73.938766
40.827475,-73.940491
40.825483,-73.941193
40.826763,-73.942180
40.828359,-73.943184
40.828976,-73.945437
40.830242,-73.944719
40.831461,-73.946699
40.829354,-73.948048
40.828759,-73.949811
40.831448,-73.949952
40.832991,-73.949507
40.834254,-73.948406
40.835310,-73.947103
40.833781,-73.946294
40.832662,-73.944901
40.832360,-73.942923
40.830994,-73.943577
40.829280,-73.941469
40.831181,-73.941045
40.832241,-73.941086
40.833052,-73.939622
40.833922,-73.941834
40.834031,-73.944049
40.835554,-73.944274
40.836626,-73.944881
40.838587,-73.946413
40.838094,-73.948798
40.840002,-73.947766
40.842087,-73.947077
40.845279,-73.946202
40.848642,-73.946525
40.851084,-73.944490
40.851157,-73.941181
40.848478,-73.940913
40.848238,-73.938911
40.850731,-73.938006
40.851677,-73.939600
40.852979,-73.937965
40.854539,-73.936910
40.855206,-73.938443
40.856022,-73.937406
40.857786,-73.935817
40.859233,-73.935173
40.859726,-73.933873
40.858561,-73.933864
40.856943,-73.932990
40.855240,-73.932775
40.854267,-73.933938
40.852924,-73.932176
40.854003,-73.929918
40.851359,-73.931007
40.850309,-73.928956
40.851881,-73.927613
40.856505,-73.928296
40.855957,-73.929954
40.857477,-73.931183
40.859339,-73.931113
40.860278,-73.929511
40.861357,-73.930603
40.861226,-73.932907
40.862562,-73.932974
40.863786,-73.932739
40.864963,-73.931635
40.865461,-73.929090
40.864270,-73.927985
40.863537,-73.926362
40.861950,-73.927122
40.860001,-73.927594
40.858262,-73.925489
40.858254,-73.922493
40.860616,-73.918515
40.862381,-73.917627
40.862542,-73.919992
40.862571,-73.922754
40.864050,-73.925274
40.866046,-73.926814
40.867348,-73.928573
40.867211,-73.926687
40.866723,-73.924374
40.866658,-73.922908
40.867702,-73.922804
40.868819,-73.922187
40.870574,-73.921979
40.871220,-73.919576
40.869238,-73.919735
40.868160,-73.919774
40.866514,-73.921069
40.864720,-73.922058
40.865342,-73.919739
40.866210,-73.918347
40.869094,-73.917236
40.869691,-73.915584
40.871243,-73.914172
40.872223,-73.915606
40.873453,-73.918103
40.877120,-73.917998
40.878672,-73.917069
40.878980,-73.914969
40.880387,-73.911117
40.882892,-73.909721
40.880728,-73.908662
40.879341,-73.908167
40.879820,-73.906789
40.879064,-73.905250
40.878212,-73.903653
40.878109,-73.901545
40.878647,-73.899345
40.881754,-73.894676
40.882337,-73.893034
40.884016,-73.892032
40.883830,-73.894387
40.884657,-73.896871
40.886481,-73.897988
40.887057,-73.899749
40.885180,-73.900410
40.884093,-73.901996
40.880165,-73.901115
40.880041,-73.903611
40.881979,-73.905346
40.887174,-73.905111
40.888771,-73.902783
40.890105,-73.900758
40.891264,-73.898600
40.891374,-73.897030
40.890078,-73.897642
40.889867,-73.895684
40.890838,-73.894500
40.891108,-73.892746
40.892060,-73.891165
40.885855,-73.891219
40.884872,-73.890382
40.883679,-73.888409
40.881430,-73.889280
40.879867,-73.885183
40.879376,-73.882689
40.877917,-73.879696
40.877004,-73.878930
40.877994,-73.876819
40.879240,-73.876424
40.880037,-73.878628
40.879966,-73.880696
40.881883,-73.878497
40.881822,-73.880541
40.883212,-73.881577
40.883700,-73.878728
40.885015,-73.877373
40.884170,-73.875678
40.885692,-73.875289
40.886580,-73.876734
40.888374,-73.877304
40.888673,-73.875130
40.887189,-73.874491
40.886509,-73.873197
40.884976,-73.872971
40.884872,-73.871420
40.886840,-73.870014
40.888470,-73.869606
40.888217,-73.871057
40.889703,-73.872210
40.890582,-73.871059
40.892105,-73.869506
40.892778,-73.870857
40.892194,-73.872473
40.892926,-73.873609
40.893147,-73.876017
40.891784,-73.874438
40.890611,-73.873583
40.890176,-73.876171
40.891293,-73.877163
40.890303,-73.878479
40.892336,-73.879045
40.894731,-73.878231
40.895372,-73.876195
40.895053,-73.874057
40.894165,-73.871193
40.893966,-73.868238
40.896659,-73.862566
40.894779,-73.864051
40.893527,-73.865530
40.891660,-73.866281
40.892275,-73.862573
40.889382,-73.864485
40.886274,-73.862324
40.884543,-73.861937
40.881792,-73.864017
40.880509,-73.864622
40.878416,-73.865455
40.877096,-73.866402
40.874836,-73.864457
40.873893,-73.862328
40.872927,-73.864402
40.871502,-73.866985
40.871188,-73.864569
40.867392,-73.867786
40.866086,-73.868602
40.867181,-73.871225
40.865709,-73.870796
40.863040,-73.874887
40.861855,-73.875635
40.861647,-73.873883
40.860956,-73.871224
40.858654,-73.871443
40.856714,-73.867569
40.858512,-73.867963
40.860451,-73.867758
40.862459,-73.868581
40.863691,-73.866872
40.865224,-73.866450
40.865674,-73.864591
40.863855,-73.861856
40.861446,-73.861853
40.856708,-73.864126
40.854560,-73.864433
40.852275,-73.864193
40.848581,-73.860669
40.846958,-73.861100
40.845869,-73.859138
40.844405,-73.857790
40.843400,-73.856029
40.842566,-73.854889
40.843991,-73.852692
40.842093,-73.852691
40.841269,-73.854364
40.840045,-73.855207
40.840819,-73.856228
40.841731,-73.857387
40.841448,-73.860125
40.840712,-73.862301
40.843311,-73.865547
40.844483,-73.867232
40.845595,-73.865305
40.847463,-73.865282
40.847375,-73.867679
40.849964,-73.868310
40.851107,-73.868422
40.852635,-73.869075
40.854198,-73.867333
40.854355,-73.870871
40.853436,-73.874087
40.853361,-73.876234
40.853824,-73.878672
40.852088,-73.877702
40.850683,-73.877257
40.851999,-73.879936
40.852333,-73.881742
40.854481,-73.883515
40.855024,-73.885228
40.854608,-73.886699
40.856250,-73.887603
40.854852,-73.889385
40.853111,-73.888408
40.852147,-73.889751
40.852242,-73.886303
40.850938,-73.886447
40.849816,-73.883675
40.849246,-73.880244
40.848940,-73.879005
40.848772,-73.876316
40.847219,-73.878200
40.847045,-73.880319
40.845799,-73.878222
40.844757,-73.877140
40.842951,-73.876989
40.841524,-73.876412
40.841513,-73.873579
40.842578,-73.871302
40.842284,-73.868125
40.841399,-73.869543
40.840076,-73.870440
40.839140,-73.866504
40.837315,-73.864590
40.837526,-73.862244
40.836986,-73.860606
40.836542,-73.859149
40.836969,-73.857489
40.837725,-73.858797
40.839536,-73.860141
40.840556,-73.858812
40.839485,-73.857069
40.838048,-73.856300
40.837269,-73.854834
40.838605,-73.853288
40.840276,-73.852589
40.839613,-73.850782
40.838097,-73.848422
40.839203,-73.846023
40.835825,-73.848017
40.834935,-73.850003
40.834418,-73.851482
40.835757,-73.852260
40.836708,-73.853446
40.835904,-73.855569
40.834418,-73.855520
40.832852,-73.854708
40.834026,-73.857752
40.835579,-73.858048
40.835151,-73.859609
40.834874,-73.861599
40.833036,-73.861203
40.832719,-73.862797
40.832275,-73.864228
40.828311,-73.865083
40.828015,-73.867501
40.827771,-73.868890
40.829439,-73.869835
40.831930,-73.871708
40.832383,-73.869114
40.832272,-73.866468
40.833680,-73.866169
40.834990,-73.867731
40.837307,-73.868996
40.836191,-73.871319
40.837447,-73.875276
40.840021,-73.879238
40.844205,-73.882533
40.840571,-73.883432
40.838082,-73.884162
40.836830,-73.886468
40.837088,-73.888533
40.835575,-73.889659
40.832322,-73.885973
40.831212,-73.887940
40.829135,-73.887090
40.827894,-73.885106
40.827151,-73.882902
40.828032,-73.881433
40.828750,-73.880075
40.832574,-73.883283
40.834081,-73.884337
40.835256,-73.885329
40.835972,-73.884079
40.835032,-73.881642
40.833465,-73.879558
40.834298,-73.876292
40.832169,-73.875015
40.829505,-73.875018
40.826539,-73.876270
40.826027,-73.878580
40.824115,-73.881142
40.826007,-73.882993
40.825222,-73.885048
40.825408,-73.885981
40.823629,-73.888642
40.823826,-73.890288
40.822607,-73.890278
40.820734,-73.890948
40.820335,-73.887620
40.818143,-73.890346
40.816997,-73.891930
40.818621,-73.893837
40.817559,-73.895128
40.817733,-73.897476
40.819795,-73.896921
40.821728,-73.896458
40.821870,-73.899107
40.823388,-73.898993
40.824240,-73.896992
40.823776,-73.895958
40.824521,-73.893211
40.825359,-73.891495
40.827015,-73.891531
40.829064,-73.890623
40.830772,-73.891826
40.832024,-73.890739
40.836647,-73.893315
40.837252,-73.890540
40.838694,-73.887936
40.840057,-73.890314
40.841964,-73.887526
40.842991,-73.885353
40.844344,-73.884760
40.846097,-73.885158
40.847115,-73.886453
40.847311,-73.888794
40.848871,-73.889649
40.849513,-73.892168
40.850882,-73.893845
40.852239,-73.894480
40.853970,-73.894257
40.855661,-73.893356
40.856648,-73.891014
40.857909,-73.891263
40.858993,-73.890464
40.860636,-73.890270
40.861462,-73.889759
40.862460,-73.888990
40.863127,-73.887265
40.861070,-73.886906
40.858148,-73.888344
40.857405,-73.886568
40.857337,-73.884683
40.858951,-73.882990
40.857991,-73.880776
40.856389,-73.876518
40.859373,-73.875856
40.860116,-73.877743
40.860954,-73.878795
40.859696,-73.879565
40.860477,-73.883491
40.861743,-73.885530
40.862439,-73.884627
40.863084,-73.882739
40.863224,-73.880679
40.862383,-73.877792
40.863539,-73.878792
40.864493,-73.877754
40.865279,-73.880069
40.864939,-73.881880
40.864478,-73.883164
40.865603,-73.886869
40.866268,-73.885076
40.866415,-73.882786
40.867511,-73.881733
40.869885,-73.879413
40.868871,-73.875011
40.871964,-73.872811
40.872923,-73.871118
40.874046,-73.866899
40.875533,-73.867208
40.877931,-73.868781
40.880005,-73.871499
40.878116,-73.871693
40.875548,-73.872759
40.875243,-73.875050
40.874960,-73.877024
40.874266,-73.878389
40.873339,-73.879063
40.871561,-73.878692
40.872317,-73.883352
40.874194,-73.885014
40.874398,-73.887888
40.875621,-73.887602
40.877056,-73.886287
40.876818,-73.890155
40.874437,-73.892590
40.874216,-73.893898
40.873717,-73.895392
40.873843,-73.898605
40.873924,-73.900554
40.875562,-73.901111
40.876458,-73.903990
40.877334,-73.905883
40.877496,-73.907917
40.875145,-73.907343
40.875367,-73.909051
40.874524,-73.910286
40.873644,-73.908985
40.871888,-73.905929
40.871495,-73.904472
40.871613,-73.900255
40.870070,-73.898736
40.868104,-73.899373
40.869324,-73.901189
40.869365,-73.903216
40.867253,-73.905943
40.864558,-73.906354
40.863492,-73.908503
40.862522,-73.905806
40.860986,-73.906711
40.858491,-73.910191
40.857343,-73.909912
40.857736,-73.912029
40.858414,-73.914397
40.854168,-73.910251
40.853604,-73.912125
40.852658,-73.913581
40.853806,-73.916961
40.854402,-73.920501
40.851996,-73.920121
40.849063,-73.919432
40.849278,-73.920942
40.845690,-73.923244
40.846180,-73.920763
40.846199,-73.918972
40.848158,-73.918632
40.848929,-73.916977
40.851422,-73.914775
40.851461,-73.912509
40.852123,-73.909956
40.851205,-73.908363
40.850327,-73.908542
40.851788,-73.905815
40.853543,-73.906111
40.855069,-73.904002
40.856030,-73.905904
40.855454,-73.907482
40.857256,-73.906990
40.857783,-73.904660
40.857928,-73.903481
40.857646,-73.900699
40.858393,-73.899284
40.859468,-73.899073
40.860343,-73.898967
40.860437,-73.897138
40.861816,-73.896649
40.861942,-73.898291
40.862001,-73.900548
40.860828,-73.901889
40.862866,-73.903539
40.864879,-73.903993
40.864541,-73.901621
40.863574,-73.900284
40.865064,-73.899097
40.866155,-73.898272
40.866726,-73.895778
40.869013,-73.895630
40.870864,-73.895153
40.872028,-73.895196
40.872468,-73.894358
40.873123,-73.893049
40.871372,-73.892788
40.872468,-73.889587
40.870648,-73.888010
40.869347,-73.889420
40.866571,-73.891012
40.864420,-73.891452
40.864608,-73.895019
40.863612,-73.896824
40.862765,-73.894274
40.861936,-73.893275
40.860091,-73.892727
40.860148,-73.894766
40.858412,-73.895963
40.856803,-73.899102
40.855419,-73.899150
40.854512,-73.900617
40.853023,-73.902052
40.852810,-73.904448
40.851161,-73.904285
40.850185,-73.906183
40.848881,-73.906048
40.846954,-73.906978
40.844904,-73.906129
40.845571,-73.904791
40.846814,-73.905450
40.848987,-73.903172
40.849242,-73.901636
40.847652,-73.899331
40.847355,-73.896548
40.845932,-73.898073
40.846346,-73.895046
40.846704,-73.893617
40.844507,-73.891699
40.844505,-73.888830
40.842763,-73.890217
40.841600,-73.892122
40.841674,-73.893309
40.840435,-73.895231
40.841563,-73.898193
40.843266,-73.898484
40.842617,-73.901994
40.841313,-73.904171
40.841411,-73.907169
40.839833,-73.908943
40.837247,-73.910533
40.838690,-73.912774
40.840572,-73.913499
40.841696,-73.913906
40.842318,-73.911488
40.842647,-73.909345
40.843910,-73.909683
40.845349,-73.909201
40.846928,-73.911777
40.848450,-73.910445
40.848238,-73.913495
40.846800,-73.913773
40.845456,-73.913639
40.844293,-73.913967
40.844181,-73.915617
40.844201,-73.917966
40.842028,-73.917553
40.840389,-73.917456
40.838920,-73.919431
40.840663,-73.920451
40.841001,-73.922309
40.842166,-73.923324
40.843976,-73.924103
40.841165,-73.924796
40.839670,-73.923918
40.837738,-73.922825
40.836211,-73.923441
40.835053,-73.923358
40.835601,-73.921492
40.835498,-73.919695
40.836430,-73.916260
40.835439,-73.913337
40.834786,-73.910744
40.832391,-73.913527
40.831226,-73.914295
40.827395,-73.910287
40.826690,-73.908350
40.826846,-73.905348
40.828131,-73.907712
40.830680,-73.906631
40.829417,-73.905009
40.830825,-73.900861
40.831756,-73.901977
40.832579,-73.903696
40.833340,-73.905521
40.835017,-73.908013
40.837682,-73.900464
40.836653,-73.902203
40.834580,-73.903438
40.835508,-73.900538
40.834738,-73.898415
40.833614,-73.897274
40.830935,-73.896708
40.829128,-73.895071
40.827124,-73.896047
40.825622,-73.896376
40.826296,-73.898061
40.825216,-73.899810
40.824095,-73.900763
40.822481,-73.902796
40.820305,-73.904947
40.821737,-73.906844
40.823512,-73.907139
40.823788,-73.911347
40.823676,-73.913180
40.826036,-73.915199
40.827788,-73.914244
40.828190,-73.916906
40.827134,-73.917248
40.823354,-73.915578
40.820591,-73.914569
40.820661,-73.912271
40.821977,-73.910162
40.819999,-73.909143
40.818776,-73.908338
40.817619,-73.906427
40.817461,-73.904619
40.817373,-73.902514
40.818009,-73.899890
40.816487,-73.900567
40.815288,-73.901646
40.814683,-73.898748
40.813315,-73.899182
40.812878,-73.901983
40.813769,-73.905485
40.815587,-73.908440
40.813670,-73.908533
40.812522,-73.908205
40.810915,-73.910443
40.809426,-73.911578
40.808290,-73.914254
40.806034,-73.915609
40.808239,-73.917350
40.809212,-73.918035
40.810247,-73.915198
40.811829,-73.914202
40.813600,-73.913113
40.813074,-73.915895
40.815096,-73.916494
40.816938,-73.917826
40.815938,-73.919949
40.817557,-73.920779
40.820405,-73.922035
40.821695,-73.925405
40.822920,-73.923883
40.824386,-73.924290
40.825824,-73.922884
40.826697,-73.921486
40.827560,-73.923834
40.826747,-73.924755
40.825996,-73.926755
40.827484,-73.928442
40.828056,-73.926332
40.829216,-73.925557
40.830387,-73.922586
40.830592,-73.919898
40.832723,-73.920212
40.833476,-73.923308
40.832986,-73.924436
40.831897,-73.925841
40.830618,-73.926669
40.829262,-73.928226
40.830666,-73.930580
40.831403,-73.929510
40.832540,-73.929589
40.834830,-73.926696
40.836869,-73.925327
40.838582,-73.924680
40.840273,-73.925938
40.842159,-73.928269
40.845655,-73.932674
40.847416,-73.931541
40.848003,-73.932609
40.849485,-73.931571
40.849855,-73.933020
40.850548,-73.934173
40.849376,-73.935616
40.848730,-73.934448
40.847420,-73.936274
40.844967,-73.935652
40.842982,-73.936569
40.842830,-73.935054
40.841420,-73.937839
40.839881,-73.937393
40.838449,-73.936789
40.836884,-73.936710
40.837480,-73.938938
40.839159,-73.939889
40.840568,-73.939461
40.842115,-73.940300
40.842502,-73.938528
40.843843,-73.938531
40.845322,-73.938578
40.846691,-73.938298
40.846800,-73.939943
40.846488,-73.941579
40.844234,-73.941904
40.842828,-73.942880
40.841514,-73.943062
40.840825,-73.941736
40.839212,-73.942269
40.837960,-73.943550
40.837468,-73.941678
40.835659,-73.941663
40.835418,-73.939293
40.835405,-73.937960
40.833177,-73.935806
40.830867,-73.937226
40.827301,-73.936193
40.824970,-73.934681
40.824199,-73.931512
40.822755,-73.931967
40.823558,-73.929016
40.822382,-73.927254
40.821302,-73.928552
40.820159,-73.930046
40.819749,-73.927238
40.817921,-73.927808
40.817921,-73.929643
40.816279,-73.928338
40.814755,-73.929065
40.812550,-73.930324
40.811000,-73.927196
40.809399,-73.928415
40.807535,-73.929474
40.808896,-73.925694
40.810049,-73.924505
40.811561,-73.923710
40.813195,-73.923120
40.814541,-73.923504
40.814927,-73.924885
40.816031,-73.922364
40.814627,-73.921671
40.814370,-73.919925
40.813584,-73.918766
40.812199,-73.919978
40.810831,-73.918770
40.810328,-73.920525
40.810625,-73.922173
40.808424,-73.923166
40.806459,-73.922305
40.805131,-73.923728
40.801898,-73.925559
40.797937,-73.931261
40.797000,-73.932539
40.795174,-73.932380
40.794063,-73.934212
40.794556,-73.936248
40.796417,-73.938013
40.796532,-73.939814
40.797472,-73.941578
40.799210,-73.940766
40.798824,-73.939784
40.798077,-73.938098
40.797215,-73.936619
40.796633,-73.934585
40.799027,-73.934414
40.798825,-73.936673
40.799552,-73.937541
40.800332,-73.939336
40.801634,-73.937676
40.802478,-73.935280
40.800866,-73.935261
40.803908,-73.932979
40.804164,-73.935171
40.805464,-73.934695
40.807329,-73.935085
40.809168,-73.935034
40.810990,-73.936531
40.812448,-73.937235
40.813162,-73.939829
40.811786,-73.941594
40.810174,-73.940497
40.809480,-73.937769
40.808491,-73.939314
40.807567,-73.937815
40.805621,-73.938789
40.804521,-73.937123
40.803169,-73.937526
40.802816,-73.939278
40.802177,-73.941714
40.805114,-73.941027
40.806641,-73.939525
40.808008,-73.941204
40.806753,-73.942300
40.806663,-73.943657
40.808472,-73.944311
40.809318,-73.946233
40.810319,-73.944785
40.809687,-73.943208
40.811358,-73.943557
40.812598,-73.943987
40.814252,-73.943495
40.815254,-73.944485
40.815659,-73.943173
40.816947,-73.942335
40.817058,-73.940891
40.815678,-73.941043
40.814987,-73.939478
40.815213,-73.937103
40.817469,-73.935003
40.819020,-73.936749
40.817510,-73.938060
40.817306,-73.939487
40.819573,-73.940599
40.818475,-73.942466
40.817891,-73.944226
40.816513,-73.945638
40.817011,-73.947879
40.815622,-73.947770
40.815881,-73.949631
40.817703,-73.952653
40.816187,-73.955316
40.815182,-73.955416
40.813854,-73.955795
40.814865,-73.952526
40.814108,-73.951086
40.812968,-73.950861
40.813774,-73.948750
40.814066,-73.945731
40.811699,-73.946116
40.811123,-73.947041
40.811075,-73.949078
40.810892,-73.950431
40.809338,-73.951491
40.808976,-73.950077
40.809186,-73.948494
40.808016,-73.946966
40.807258,-73.945959
40.806723,-73.947381
40.805435,-73.947420
40.804624,-73.945285
40.803685,-73.943309
40.802776,-73.944398
40.802662,-73.946421
40.801289,-73.948958
40.802740,-73.949236
40.802388,-73.950185
40.802473,-73.951814
40.801271,-73.952972
40.801418,-73.954398
40.799510,-73.954485
40.798605,-73.952156
40.797679,-73.950880
40.797093,-73.949778
40.798324,-73.948410
40.799833,-73.947671
40.800615,-73.946137
40.800992,-73.944182
40.799745,-73.942576
40.796817,-73.943894
40.795957,-73.942404
40.794931,-73.944180
40.796601,-73.946069
40.796082,-73.949750
40.795015,-73.952668
40.793846,-73.953743
40.793579,-73.952006
40.793787,-73.950479
40.793571,-73.948572
40.794628,-73.946911
40.792727,-73.945006
40.793614,-73.943341
40.794421,-73.941727
40.794955,-73.939491
40.793515,-73.939332
40.792188,-73.940811
40.792302,-73.937670
40.792909,-73.934979
40.788757,-73.932861
40.787597,-73.933668
40.785229,-73.935058
40.787011,-73.938795
40.785365,-73.942901
40.783633,-73.945376
40.782705,-73.946102
40.783752,-73.947214
40.786199,-73.945357
40.787728,-73.943887
40.789076,-73.941574
40.790066,-73.941653
40.789195,-73.944230
40.790878,-73.945064
40.789989,-73.946851
40.790785,-73.947225
40.791891,-73.946528
40.791541,-73.949212
40.790287,-73.951583
40.792020,-73.951868
40.791521,-73.953345
40.789952,-73.953256
40.788946,-73.952211
40.789194,-73.949392
40.787482,-73.947575
40.788146,-73.949390
40.787203,-73.951203
40.787393,-73.953602
40.786192,-73.952622
40.785542,-73.951437
40.783679,-73.952455
40.783831,-73.950544
40.783002,-73.949605
40.782158,-73.948420
40.781265,-73.948380
40.781609,-73.950171
40.782397,-73.951477
40.780952,-73.951869
40.780367,-73.950333
40.779046,-73.951439
40.779787,-73.953399
40.781787,-73.953453
40.783335,-73.954459
40.784772,-73.953975
40.785114,-73.955677
40.786082,-73.955250
40.787361,-73.955635
40.788443,-73.955109
40.789305,-73.955861
40.790398,-73.955532
40.790945,-73.959864
40.793071,-73.957707
40.794458,-73.957338
40.795738,-73.955306
40.796629,-73.953519
40.798215,-73.956545
40.798302,-73.959709
40.799976,-73.959804
40.800395,-73.957042
40.801164,-73.958668
40.802003,-73.960150
40.804442,-73.960715
40.803060,-73.961907
40.804510,-73.963421
40.804375,-73.965013
40.803506,-73.966391
40.802227,-73.966850
40.802765,-73.964561
40.801323,-73.963779
40.800067,-73.961972
40.799075,-73.965834
40.798115,-73.967771
40.799433,-73.968492
40.798719,-73.970804
40.798249,-73.972341
40.797517,-73.974194
40.796702,-73.971947
40.797053,-73.970361
40.796287,-73.968663
40.796015,-73.967480
40.797293,-73.964696
40.796584,-73.961638
40.794022,-73.960548
40.794387,-73.962333
40.793799,-73.964638
40.791510,-73.966406
40.791281,-73.969494
40.792490,-73.968951
40.794786,-73.969784
40.795192,-73.971790
40.793904,-73.973073
40.792734,-73.972367
40.790960,-73.973093
40.789626,-73.971948
40.787585,-73.971117
40.786860,-73.973029
40.785910,-73.971938
40.785926,-73.969475
40.789085,-73.968795
40.790105,-73.967690
40.788791,-73.966336
40.790040,-73.965565
40.791004,-73.964223
40.789079,-73.961749
40.784480,-73.965873
40.782724,-73.965026
40.782606,-73.967231
40.784417,-73.968417
40.784080,-73.970003
40.784247,-73.971958
40.784123,-73.973669
40.783192,-73.973866
40.782144,-73.974741
40.781264,-73.975860
40.780420,-73.973942
40.781291,-73.972422
40.782636,-73.971228
40.781459,-73.969836
40.780236,-73.969839
40.779226,-73.971520
40.776962,-73.970667
40.774951,-73.969396
40.775570,-73.967874
40.777319,-73.968676
40.778864,-73.968399
40.779841,-73.966806
40.780348,-73.965094
40.779093,-73.964358
40.777730,-73.963934
40.776916,-73.964483
40.775881,-73.965109
40.776010,-73.962705
40.775829,-73.960901
40.775906,-73.959248
40.775221,-73.958418
40.777930,-73.958458
40.777578,-73.959814
40.778835,-73.960853
40.779277,-73.962413
40.780233,-73.962571
40.781535,-73.962162
40.780461,-73.960357
40.781832,-73.959186
40.782754,-73.958790
40.784464,-73.958543
40.785341,-73.957817
40.783828,-73.956632
40.782244,-73.956255
40.780495,-73.955620
40.780684,-73.958224
40.779173,-73.958223
40.779253,-73.956421
40.777715,-73.956610
40.777693,-73.954313
40.777161,-73.954364
40.776223,-73.955844
40.775026,-73.956548
40.773632,-73.956125
40.773536,-73.954426
40.774827,-73.953196
40.776476,-73.952507
40.777809,-73.950621
40.775890,-73.949872
40.775127,-73.951040
40.773991,-73.951293
40.772788,-73.951667
40.773519,-73.949106
40.776340,-73.948431
40.777800,-73.948486
40.777264,-73.946677
40.778782,-73.946901
40.780806,-73.945916
40.780071,-73.944040
40.778668,-73.944087
40.777176,-73.942901
40.775581,-73.943881
40.774831,-73.945002
40.773802,-73.944987
40.773315,-73.946775
40.772855,-73.948021
40.770894,-73.947696
40.769882,-73.948755
40.769059,-73.949706
40.770148,-73.950880
40.770642,-73.952514
40.771639,-73.953775
40.771890,-73.956994
40.770198,-73.956319
40.768365,-73.955975
40.769290,-73.954355
40.767842,-73.953437
40.766026,-73.952412
40.766611,-73.954726
40.764910,-73.955613
40.766392,-73.957693
40.767407,-73.958923
40.768197,-73.960227
40.769207,-73.958088
40.769994,-73.959269
40.771593,-73.958895
40.771787,-73.961901
40.772527,-73.960497
40.773768,-73.960954
40.774514,-73.962863
40.773180,-73.964810
40.774084,-73.965686
40.774244,-73.967056
40.773036,-73.967570
40.772804,-73.969124
40.772325,-73.970625
40.772303,-73.971766
40.773332,-73.972007
40.774809,-73.971856
40.775257,-73.974242
40.776226,-73.974004
40.778134,-73.973956
40.777470,-73.975216
40.777105,-73.977038
40.776820,-73.978879
40.778083,-73.979036
40.778763,-73.978103
40.779957,-73.977494
40.781555,-73.977683
40.783040,-73.977766
40.782546,-73.979519
40.781700,-73.980044
40.780294,-73.979335
40.779324,-73.980411
40.779387,-73.982010
40.780709,-73.981555
40.779297,-73.984171
40.777257,-73.983398
40.777844,-73.981716
40.776177,-73.981144
40.775304,-73.982357
40.774371,-73.984510
40.774363,-73.987078
40.774495,-73.988256
40.772536,-73.985759
40.772837,-73.983886
40.771962,-73.982209
40.773622,-73.981798
40.774047,-73.979642
40.772853,-73.979474
40.771632,-73.979476
40.770874,-73.981109
40.769714,-73.978956
40.768196,-73.977901
40.770376,-73.977609
40.771893,-73.977229
40.773223,-73.976925
40.774192,-73.977603
40.774173,-73.974568
40.772551,-73.974478
40.772113,-73.973361
40.770342,-73.973324
40.770410,-73.974395
40.769399,-73.975791
40.768484,-73.974042
40.767657,-73.971853
40.766644,-73.970098
40.765959,-73.971273
40.765188,-73.970172
40.763434,-73.969569
40.762413,-73.967827
40.763599,-73.966729
40.762842,-73.965817
40.764205,-73.964277
40.764510,-73.962969
40.765402,-73.963569
40.766451,-73.965469
40.765234,-73.966955
40.765562,-73.967988
40.767289,-73.966918
40.768172,-73.966357
40.768294,-73.968504
40.768824,-73.970172
40.770028,-73.970571
40.770519,-73.968562
40.771766,-73.967434
40.771572,-73.966430
40.771311,-73.964966
40.769590,-73.965138
40.769711,-73.962025
40.768506,-73.962880
40.768384,-73.964484
40.767362,-73.963960
40.767072,-73.962134
40.766053,-73.961504
40.764303,-73.960685
40.765027,-73.959192
40.763038,-73.958669
40.762675,-73.956006
40.760935,-73.956893
40.759669,-73.958082
40.760248,-73.959680
40.761556,-73.960333
40.762312,-73.963449
40.761072,-73.964478
40.760129,-73.963448
40.759869,-73.961389
40.757572,-73.960316
40.757655,-73.962105
40.758912,-73.963336
40.757824,-73.964514
40.757492,-73.966397
40.758389,-73.966545
40.759210,-73.966054
40.760748,-73.966815
40.761044,-73.968638
40.761871,-73.971183
40.759811,-73.971744
40.759142,-73.969850
40.758178,-73.968878
40.756365,-73.969186
40.757071,-73.970624
40.758253,-73.971375
40.757297,-73.972456
40.758521,-73.973413
40.759809,-73.973652
40.760239,-73.975177
40.761341,-73.975366
40.760742,-73.976714
40.759903,-73.977629
40.760725,-73.978769
40.761559,-73.978868
40.761930,-73.977477
40.763021,-73.975115
40.762632,-73.974051
40.761821,-73.973870
40.762809,-73.972561
40.763659,-73.973565
40.764877,-73.972566
40.766344,-73.973698
40.766769,-73.975929
40.765045,-73.974976
40.764133,-73.976726
40.763079,-73.979249
40.762379,-73.980705
40.761333,-73.982032
40.759940,-73.982654
40.758364,-73.982146
40.758749,-73.980732
40.759786,-73.980070
40.758613,-73.978827
40.757948,-73.977370
40.758623,-73.976096
40.757163,-73.975206
40.756027,-73.974405
40.755474,-73.976592
40.753861,-73.975915
40.753744,-73.978232
40.752792,-73.979949
40.751633,-73.979179
40.750442,-73.979971
40.748843,-73.979787
40.747492,-73.978778
40.746810,-73.977460
40.745356,-73.975778
40.746645,-73.975313
40.748474,-73.975248
40.748380,-73.976913
40.749505,-73.977441
40.750889,-73.977261
40.752212,-73.977518
40.752062,-73.976330
40.752736,-73.974987
40.751461,-73.974847
40.750191,-73.975463
40.749567,-73.973403
40.749157,-73.971773
40.749099,-73.970092
40.750301,-73.970313
40.750637,-73.968745
40.751714,-73.968270
40.752661,-73.968109
40.753798,-73.969021
40.753794,-73.971129
40.752543,-73.970263
40.751446,-73.971182
40.752055,-73.973091
40.753024,-73.972853
40.754169,-73.973236
40.755020,-73.973220
40.755792,-73.972113
40.755290,-73.970779
40.754850,-73.969422
40.755784,-73.967364
40.756276,-73.965741
40.755950,-73.964239
40.755524,-73.961869
40.753906,-73.963781
40.754803,-73.965258
40.753798,-73.966283
40.751986,-73.965744
40.750305,-73.966957
40.749279,-73.968171
40.748203,-73.968780
40.747920,-73.970680
40.747549,-73.973118
40.745943,-73.972181
40.744739,-73.972671
40.743948,-73.971139
40.743297,-73.972730
40.741991,-73.974454
40.743181,-73.976513
40.741467,-73.978011
40.740554,-73.975983
40.740069,-73.974175
40.738445,-73.972818
40.737418,-73.973322
40.736173,-73.974194
40.736189,-73.976035
40.736893,-73.978623
40.737704,-73.975125
40.738383,-73.975882
40.738372,-73.977044
40.739571,-73.977814
40.738196,-73.979881
40.739312,-73.981273
40.740345,-73.979554
40.742013,-73.980603
40.742444,-73.982598
40.740972,-73.982615
40.739922,-73.982869
40.738443,-73.982761
40.738980,-73.984538
40.738282,-73.985522
40.737601,-73.986280
40.737132,-73.985179
40.736632,-73.983275
40.736240,-73.982016
40.735350,-73.981517
40.734652,-73.983431
40.733868,-73.985042
40.733066,-73.986666
40.731341,-73.986388
40.732216,-73.984827
40.731315,-73.983701
40.732389,-73.982759
40.733418,-73.982724
40.733565,-73.980938
40.734485,-73.977106
40.734385,-73.974985
40.731634,-73.973789
40.730643,-73.974501
40.731150,-73.977854
40.729109,-73.978666
40.727816,-73.980027
40.727821,-73.978531
40.726819,-73.977573
40.725535,-73.978069
40.724886,-73.975897
40.723978,-73.974949
40.726553,-73.974904
40.724465,-73.972619
40.722465,-73.972793
40.721161,-73.974214
40.717473,-73.974818
40.715645,-73.975345
40.714615,-73.975572
40.712812,-73.976168
40.711560,-73.976780
40.711482,-73.978460
40.711218,-73.981275
40.713482,-73.980784
40.713195,-73.985006
40.711635,-73.984348
40.711421,-73.986479
40.712728,-73.987642
40.714053,-73.987287
40.714447,-73.985608
40.715439,-73.984612
40.714514,-73.983489
40.714552,-73.982475
40.715776,-73.981750
40.717533,-73.980291
40.719164,-73.982969
40.720516,-73.984567
40.721540,-73.983736
40.721897,-73.982141
40.722909,-73.980892
40.721609,-73.979911
40.720581,-73.981371
40.720019,-73.978767
40.721501,-73.977750
40.723479,-73.977531
40.724184,-73.978989
40.725113,-73.978972
40.725993,-73.979621
40.725028,-73.981245
40.724404,-73.982601
40.723012,-73.983283
40.723911,-73.984630
40.725050,-73.985801
40.724357,-73.987323
40.725421,-73.987669
40.726165,-73.986497
40.727293,-73.986447
40.726713,-73.985108
40.725821,-73.984005
40.727073,-73.983155
40.727001,-73.982053
40.728329,-73.981875
40.729347,-73.981052
40.730612,-73.981402
40.729747,-73.983109
40.728574,-73.984475
40.729396,-73.984979
40.729791,-73.987072
40.728278,-73.987940
40.727309,-73.988809
40.726515,-73.989477
40.725671,-73.989967
40.724433,-73.990256
40.723728,-73.991957
40.722882,-73.991760
40.722746,-73.990311
40.721728,-73.988821
40.722554,-73.987995
40.723515,-73.988225
40.723124,-73.986410
40.721707,-73.985949
40.720681,-73.987188
40.720087,-73.988403
40.719914,-73.990153
40.720782,-73.990258
40.721420,-73.991181
40.720932,-73.993285
40.719628,-73.992834
40.718336,-73.992710
40.718818,-73.991554
40.718500,-73.989949
40.719186,-73.987663
40.718987,-73.985855
40.718088,-73.985005
40.717120,-73.988077
40.716979,-73.990818
40.715636,-73.990760
40.714885,-73.991822
40.713825,-73.991368
40.714359,-73.989069
40.712997,-73.989228
40.710641,-73.989421
40.711406,-73.992803
40.711507,-73.994549
40.712435,-73.994547
40.713456,-73.993357
40.714912,-73.993499
40.716502,-73.993343
40.718466,-73.994522
40.719460,-73.996367
40.718286,-73.997945
40.719075,-73.998829
40.719729,-73.999753
40.720314,-73.998354
40.721318,-74.000007
40.722391,-74.000991
40.723833,-74.001196
40.725179,-73.999968
40.726168,-73.998992
40.727254,-73.998976
40.726799,-74.001113
40.727516,-74.003123
40.729183,-74.001840
40.728438,-74.001169
40.728840,-73.998867
40.728508,-73.996965
